1750813598938 0.6676588654518127 0
1750813598969 0.637326717376709 1
1750813599006 0.6101195812225342 2
1750813599033 0.5847874879837036 3
1750813599064 0.5606006979942322 4
1750813599092 0.5386250019073486 5
1750813599120 0.5207479596138 6
1750813599142 0.5086154937744141 7
1750813599169 0.502242922782898 8
1750813599200 0.4995979070663452 9
1750813599224 0.4976789951324463 10
1750813599250 0.4943484961986542 11
1750813599278 0.4890517294406891 12
1750813599301 0.4823239743709564 13
1750813599329 0.47511622309684753 14
1750813599355 0.4683521091938019 15
1750813599379 0.46261975169181824 16
1750813599405 0.4581577777862549 17
1750813599429 0.4549044668674469 18
1750813599455 0.45261669158935547 19
1750813599515 0.4509285092353821 20
1750813599545 0.4494819939136505 21
1750813599570 0.44797033071517944 22
1750813599618 0.44622763991355896 23
1750813599642 0.4442175626754761 24
1750813599674 0.4420033097267151 25
1750813599707 0.43973055481910706 26
1750813599734 0.43756890296936035 27
1750813599761 0.43565666675567627 28
1750813599800 0.4340687692165375 29
1750813599837 0.4328005611896515 30
1750813599871 0.43177977204322815 31
1750813599898 0.43086886405944824 32
1750813599921 0.42994263768196106 33
1750813599949 0.42890816926956177 34
1750813599972 0.4277638792991638 35
1750813600002 0.42655229568481445 36
1750813600031 0.425338476896286 37
1750813600070 0.42420411109924316 38
1750813600105 0.4231680631637573 39
1750813600130 0.4221805930137634 40
1750813600163 0.42119017243385315 41
1750813600189 0.420104444026947 42
1750813600220 0.41888341307640076 43
1750813600244 0.4175294041633606 44
1750813600270 0.4161038100719452 45
1750813600297 0.41466614603996277 46
1750813600324 0.4132383465766907 47
1750813600356 0.4117833375930786 48
1750813600390 0.4102416932582855 49
1750813600428 0.40857434272766113 50
1750813600464 0.4067646265029907 51
1750813600494 0.4048510789871216 52
1750813600531 0.4028747081756592 53
1750813600568 0.40087100863456726 54
1750813600605 0.39885932207107544 55
1750813600632 0.39682209491729736 56
1750813600656 0.394706666469574 57
1750813600683 0.3924930989742279 58
1750813600711 0.39017534255981445 59
1750813600740 0.3877817690372467 60
1750813600773 0.38533204793930054 61
1750813600810 0.3828409016132355 62
1750813600841 0.3803005814552307 63
1750813600877 0.37770363688468933 64
1750813600905 0.37506812810897827 65
1750813600936 0.372427374124527 66
1750813600965 0.36978623270988464 67
1750813600991 0.3671243190765381 68
1750813601018 0.36445462703704834 69
1750813601045 0.36179912090301514 70
1750813601069 0.35918185114860535 71
1750813601099 0.35661762952804565 72
1750813601130 0.354130357503891 73
1750813601166 0.35172227025032043 74
1750813601191 0.34941643476486206 75
1750813601227 0.34722787141799927 76
1750813601252 0.34514763951301575 77
1750813601285 0.34316253662109375 78
1750813601309 0.34128284454345703 79
1750813601337 0.33951953053474426 80
1750813601360 0.33788201212882996 81
1750813601391 0.3363775312900543 82
1750813601422 0.3350255787372589 83
1750813601454 0.3338029384613037 84
1750813601482 0.3326975703239441 85
1750813601504 0.33171072602272034 86
1750813601531 0.33082661032676697 87
1750813601562 0.33000922203063965 88
1750813601588 0.32924923300743103 89
1750813601620 0.3285413682460785 90
1750813601644 0.3278752565383911 91
1750813601673 0.3272281289100647 92
1750813601697 0.3265855014324188 93
1750813601719 0.32593804597854614 94
1750813601747 0.3252980411052704 95
1750813601770 0.3246685862541199 96
1750813601800 0.324057400226593 97
1750813601828 0.3234681785106659 98
1750813601858 0.3228985667228699 99
1750813601893 0.32233360409736633 100
1750813601931 0.32176798582077026 101
1750813601972 0.3212093412876129 102
1750813602003 0.32066434621810913 103
1750813602028 0.32011574506759644 104
1750813602061 0.3195819556713104 105
1750813602089 0.3190600574016571 106
1750813602115 0.318543016910553 107
1750813602139 0.31802064180374146 108
1750813602169 0.3175015449523926 109
1750813602580 0.3169877529144287 110
1750813602616 0.31647518277168274 111
1750813602650 0.31595343351364136 112
1750813602687 0.3154354989528656 113
1750813602714 0.31491389870643616 114
1750813602744 0.31439337134361267 115
1750813602775 0.3138909637928009 116
1750813602805 0.3133876323699951 117
1750813602838 0.3128838539123535 118
1750813602870 0.31238433718681335 119
1750813602901 0.31187543272972107 120
1750813602930 0.31135293841362 121
1750813602966 0.3108346462249756 122
1750813603001 0.31030258536338806 123
1750813603036 0.3097645938396454 124
1750813603071 0.3092271387577057 125
1750813603106 0.3087059557437897 126
1750813603139 0.3081871569156647 127
1750813603170 0.3076804280281067 128
1750813603204 0.30716827511787415 129
1750813603238 0.30665475130081177 130
1750813603305 0.30614182353019714 131
1750813603338 0.3056241571903229 132
1750813603379 0.30509454011917114 133
1750813603412 0.30455559492111206 134
1750813603446 0.30402302742004395 135
1750813603497 0.3034920394420624 136
1750813603525 0.30295535922050476 137
1750813603563 0.30239856243133545 138
1750813603594 0.30184686183929443 139
1750813603622 0.301286906003952 140
1750813603653 0.3007303774356842 141
1750813603686 0.3001667857170105 142
1750813603713 0.2995935380458832 143
1750813603742 0.29902300238609314 144
1750813603776 0.29842913150787354 145
1750813603816 0.2978058457374573 146
1750813603857 0.2971839904785156 147
1750813603897 0.29656749963760376 148
1750813603927 0.2959689497947693 149
1750813603963 0.29538360238075256 150
1750813603995 0.2947983145713806 151
1750813604025 0.29421982169151306 152
1750813604056 0.29364505410194397 153
1750813604090 0.2930753827095032 154
1750813604128 0.2925238311290741 155
1750813604155 0.2919607162475586 156
1750813604188 0.2913978397846222 157
1750813604220 0.29086098074913025 158
1750813604247 0.29041409492492676 159
1750813604274 0.29030102491378784 160
1750813604303 0.29034844040870667 161
1750813604330 0.28979232907295227 162
1750813604550 0.2882753312587738 163
1750813604581 0.28833508491516113 164
1750813604616 0.2882988750934601 165
1750813604648 0.28687751293182373 166
1750813604686 0.28691366314888 167
1750813604718 0.2866562008857727 168
1750813604749 0.28544971346855164 169
1750813604777 0.2856144309043884 170
1750813604802 0.2850838005542755 171
1750813604831 0.2841843366622925 172
1750813604864 0.28434160351753235 173
1750813604898 0.2836327850818634 174
1750813604932 0.28301331400871277 175
1750813604965 0.28301844000816345 176
1750813604996 0.28227898478507996 177
1750813605030 0.2818774878978729 178
1750813605068 0.2817497253417969 179
1750813605100 0.28111857175827026 180
1750813605133 0.2807949483394623 181
1750813605168 0.28058376908302307 182
1750813605200 0.28002849221229553 183
1750813605231 0.27969983220100403 184
1750813605258 0.27946779131889343 185
1750813605284 0.2789779007434845 186
1750813605311 0.27861544489860535 187
1750813605349 0.27841442823410034 188
1750813605377 0.2780138850212097 189
1750813605400 0.2775997221469879 190
1750813605428 0.2773728370666504 191
1750813605453 0.2770393490791321 192
1750813605481 0.2765900790691376 193
1750813605510 0.2763085663318634 194
1750813605537 0.27603551745414734 195
1750813605564 0.2756226360797882 196
1750813605590 0.2752549946308136 197
1750813605625 0.2749617099761963 198
1750813605653 0.2746487557888031 199
1750813598938 0.6676588654518127 0
