1750808429371 0.673743486404419 0
1750808429505 0.6289613246917725 1
1750808429542 0.5880439281463623 2
1750808429555 0.5516555309295654 3
1750808429605 0.5214248895645142 4
1750808429655 0.49919718503952026 5
1750808429671 0.4856652319431305 6
1750808429715 0.4797908067703247 7
1750808429763 0.4786550998687744 8
1750808429821 0.4785928428173065 9
1750808429855 0.47696447372436523 10
1750808429904 0.4729312062263489 11
1750808429940 0.4669365882873535 12
1750808429973 0.45993468165397644 13
1750808430004 0.4529690146446228 14
1750808430021 0.4468601942062378 15
1750808430041 0.44209975004196167 16
1750808430088 0.43887823820114136 17
1750808430104 0.43698441982269287 18
1750808430154 0.43601077795028687 19
1750808430171 0.4354611933231354 20
1750808430227 0.4348658323287964 21
1750808430254 0.4339089095592499 22
1750808430271 0.4324667453765869 23
1750808430340 0.4305970072746277 24
1750808430371 0.42847222089767456 25
1750808430403 0.42630085349082947 26
1750808430421 0.4242723882198334 27
1750808430458 0.4225108027458191 28
1750808430474 0.4210372567176819 29
1750808430504 0.41980254650115967 30
1750808430539 0.4186914563179016 31
1750808430571 0.4175591766834259 32
1750808430600 0.41628554463386536 33
1750808430626 0.41477853059768677 34
1750808430660 0.4130238890647888 35
1750808430688 0.4110665023326874 36
1750808430749 0.4089834988117218 37
1750808430772 0.40685611963272095 38
1750808430817 0.40476471185684204 39
1750808430838 0.40274742245674133 40
1750808430873 0.4007897973060608 41
1750808430904 0.3988279402256012 42
1750808430939 0.39679503440856934 43
1750808430974 0.3946587145328522 44
1750808431004 0.3924071490764618 45
1750808431021 0.39004528522491455 46
1750808431054 0.3876177966594696 47
1750808431094 0.385201632976532 48
1750808431138 0.3828112483024597 49
1750808431165 0.38046661019325256 50
1750808431204 0.3781397044658661 51
1750808431237 0.3757701516151428 52
1750808431254 0.37339287996292114 53
1750808431293 0.37102264165878296 54
1750808431321 0.36870241165161133 55
1750808431355 0.3664601445198059 56
1750808431387 0.3642750680446625 57
1750808431409 0.3620864152908325 58
1750808431440 0.35988152027130127 59
1750808431474 0.3576781749725342 60
1750808431500 0.35552647709846497 61
1750808431528 0.35349151492118835 62
1750808431557 0.35154035687446594 63
1750808431590 0.34964653849601746 64
1750808431621 0.34781578183174133 65
1750808431646 0.34608060121536255 66
1750808431678 0.344425231218338 67
1750808431713 0.34283462166786194 68
1750808431743 0.3413202464580536 69
1750808431760 0.3399129807949066 70
1750808431801 0.33861038088798523 71
1750808431829 0.33740368485450745 72
1750808431862 0.3362851142883301 73
1750808431894 0.33526739478111267 74
1750808431927 0.33434173464775085 75
1750808431958 0.3334704339504242 76
1750808431986 0.33267292380332947 77
1750808432008 0.3319341242313385 78
1750808432044 0.3312563896179199 79
1750808432073 0.33061885833740234 80
1750808432104 0.3300081789493561 81
1750808432138 0.3294370174407959 82
1750808432160 0.32888954877853394 83
1750808432203 0.3283502459526062 84
1750808432227 0.3278045058250427 85
1750808432260 0.3272610604763031 86
1750808432293 0.3267308175563812 87
1750808432324 0.3262137770652771 88
1750808432354 0.3257005512714386 89
1750808432377 0.3251962959766388 90
1750808432410 0.32470086216926575 91
1750808432442 0.32420167326927185 92
1750808432471 0.3237060308456421 93
1750808432501 0.32322096824645996 94
1750808432533 0.3227423131465912 95
1750808432559 0.32227110862731934 96
1750808432592 0.3218197524547577 97
1750808432620 0.3213651478290558 98
1750808432637 0.3209150731563568 99
1750808432678 0.320468932390213 100
1750808432703 0.3200209438800812 101
1750808432737 0.31955888867378235 102
1750808432775 0.3190847635269165 103
1750808432803 0.31860101222991943 104
1750808432853 0.31811630725860596 105
1750808432903 0.317636102437973 106
1750808432931 0.31716617941856384 107
1750808432961 0.31669390201568604 108
1750808432987 0.31621578335762024 109
1750808433003 0.3157263696193695 110
1750808433036 0.31522297859191895 111
1750808433053 0.3147141933441162 112
1750808433092 0.3142048120498657 113
1750808433117 0.313701868057251 114
1750808433153 0.313196063041687 115
1750808433170 0.3126986026763916 116
1750808433206 0.3121931552886963 117
1750808433220 0.3116835653781891 118
1750808433257 0.31117406487464905 119
1750808433286 0.3106555640697479 120
1750808433308 0.31013673543930054 121
1750808433336 0.30962708592414856 122
1750808433353 0.3091265857219696 123
1750808433401 0.3086182475090027 124
1750808433425 0.3081108629703522 125
1750808433455 0.30760160088539124 126
1750808433470 0.30708542466163635 127
1750808433502 0.30657243728637695 128
1750808433536 0.30604827404022217 129
1750808433570 0.30552905797958374 130
1750808433590 0.30501788854599 131
1750808433619 0.3045085072517395 132
1750808433642 0.30400484800338745 133
1750808433674 0.30349716544151306 134
1750808433703 0.3029835820198059 135
1750808433736 0.3024672269821167 136
1750808433755 0.301942378282547 137
1750808433786 0.30141711235046387 138
1750808433803 0.30088186264038086 139
1750808433841 0.30034738779067993 140
1750808433937 0.299809068441391 141
1750808433953 0.2992631196975708 142
1750808434019 0.29871296882629395 143
1750808434053 0.2981550693511963 144
1750808434072 0.2975839674472809 145
1750808434103 0.2970183193683624 146
1750808434120 0.2964490056037903 147
1750808434155 0.29587170481681824 148
1750808434185 0.29528117179870605 149
1750808434203 0.29469409584999084 150
1750808434237 0.2941030263900757 151
1750808434257 0.2935035824775696 152
1750808434286 0.29288917779922485 153
1750808434319 0.2922695279121399 154
1750808434336 0.29166480898857117 155
1750808434386 0.2910766899585724 156
1750808434422 0.29049739241600037 157
1750808434454 0.2899337708950043 158
1750808434487 0.2893695533275604 159
1750808434519 0.28880107402801514 160
1750808434536 0.2883392572402954 161
1750808434576 0.2884027361869812 162
1750808434622 0.28888359665870667 163
1750808434652 0.2878340482711792 164
1750808434692 0.2861264944076538 165
1750808434719 0.2872203290462494 166
1750808434755 0.28572311997413635 167
1750808434792 0.285094290971756 168
1750808434819 0.28531312942504883 169
1750808434869 0.28365400433540344 170
1750808434907 0.2840763330459595 171
1750808434936 0.28292930126190186 172
1750808434986 0.28271013498306274 173
1750808435006 0.28238847851753235 174
1750808435039 0.2815115749835968 175
1750808435070 0.2816101312637329 176
1750808435086 0.28059476613998413 177
1750808435119 0.28050708770751953 178
1750808435152 0.27988266944885254 179
1750808435169 0.27939531207084656 180
1750808435206 0.2791524827480316 181
1750808435238 0.2784268856048584 182
1750808435273 0.2782578468322754 183
1750808435306 0.2776617705821991 184
1750808435352 0.27719947695732117 185
1750808435369 0.27691805362701416 186
1750808435405 0.2762901186943054 187
1750808435435 0.27597519755363464 188
1750808435452 0.2755565047264099 189
1750808435485 0.2750696837902069 190
1750808435517 0.2747584283351898 191
1750808435535 0.2743080258369446 192
1750808435571 0.2738708257675171 193
1750808435600 0.27351266145706177 194
1750808435619 0.27306410670280457 195
1750808435652 0.27261027693748474 196
1750808435685 0.2722226083278656 197
1750808435703 0.27177178859710693 198
1750808435741 0.27129048109054565 199
1750808429371 0.673743486404419 0
