1750822210743 0.6655227541923523 0
1750822210946 0.6274368166923523 1
1750822210987 0.5968151688575745 2
1750822211021 0.5711415410041809 3
1750822211054 0.5490218997001648 4
1750822211094 0.530219316482544 5
1750822211128 0.5149324536323547 6
1750822211161 0.5033907294273376 7
1750822211194 0.49552759528160095 8
1750822211244 0.4907067120075226 9
1750822211278 0.4877358675003052 10
1750822211311 0.48528510332107544 11
1750822211377 0.48234274983406067 12
1750822211403 0.4784616529941559 13
1750822211458 0.4737055003643036 14
1750822211495 0.4684261381626129 15
1750822211526 0.4630856513977051 16
1750822211661 0.45810920000076294 17
1750822211693 0.45377203822135925 18
1750822211760 0.45017701387405396 19
1750822211793 0.44732311367988586 20
1750822211826 0.4450894296169281 21
1750822211859 0.44328758120536804 22
1750822211926 0.4417385160923004 23
1750822211976 0.44026514887809753 24
1750822212011 0.43876731395721436 25
1750822212061 0.43718937039375305 26
1750822212094 0.4355167746543884 27
1750822212146 0.43380433320999146 28
1750822212183 0.4321380853652954 29
1750822212229 0.4306008219718933 30
1750822212265 0.42924803495407104 31
1750822212296 0.4281022250652313 32
1750822212334 0.42713338136672974 33
1750822212366 0.4262767732143402 34
1750822212422 0.4254421293735504 35
1750822212442 0.42455798387527466 36
1750822212492 0.42358261346817017 37
1750822212511 0.4225253164768219 38
1750822212552 0.42143213748931885 39
1750822212575 0.420360803604126 40
1750822212594 0.41935259103775024 41
1750822212634 0.4184289872646332 42
1750822212676 0.41756436228752136 43
1750822212710 0.4167119264602661 44
1750822212744 0.4158191382884979 45
1750822212774 0.41484323143959045 46
1750822212811 0.41376930475234985 47
1750822212865 0.4125913083553314 48
1750822212948 0.4113195538520813 49
1750822213042 0.4099794924259186 50
1750822213113 0.40860673785209656 51
1750822213142 0.4072074294090271 52
1750822213193 0.40576550364494324 53
1750822213227 0.4042581617832184 54
1750822213279 0.40264615416526794 55
1750822213381 0.4009198546409607 56
1750822213418 0.39908742904663086 57
1750822213478 0.3971676826477051 58
1750822213516 0.39518603682518005 59
1750822213542 0.39312249422073364 60
1750822213594 0.3909699320793152 61
1750822213643 0.38871049880981445 62
1750822213675 0.3863438069820404 63
1750822213725 0.383880078792572 64
1750822213761 0.381348580121994 65
1750822213800 0.37879395484924316 66
1750822213825 0.3762235939502716 67
1750822213876 0.3736072778701782 68
1750822213908 0.37093067169189453 69
1750822213942 0.3682330250740051 70
1750822213974 0.36555027961730957 71
1750822214004 0.36291930079460144 72
1750822214042 0.3603344261646271 73
1750822214075 0.3578135669231415 74
1750822214126 0.35538819432258606 75
1750822214192 0.35309556126594543 76
1750822214226 0.3509356677532196 77
1750822214332 0.3489128649234772 78
1750822214371 0.3470240533351898 79
1750822214409 0.34528398513793945 80
1750822214437 0.3437018096446991 81
1750822214458 0.34224963188171387 82
1750822214498 0.34092235565185547 83
1750822214529 0.3397142291069031 84
1750822214558 0.33863604068756104 85
1750822214625 0.33766406774520874 86
1750822214674 0.3367663025856018 87
1750822214708 0.33593839406967163 88
1750822214758 0.3352023959159851 89
1750822214791 0.33454257249832153 90
1750822214824 0.33392927050590515 91
1750822214857 0.3333609998226166 92
1750822214895 0.33282801508903503 93
1750822214959 0.33231598138809204 94
1750822215022 0.33182352781295776 95
1750822215043 0.33135735988616943 96
1750822215082 0.33088964223861694 97
1750822215147 0.3304236829280853 98
1750822215255 0.3299630880355835 99
1750822215339 0.32950833439826965 100
1750822215370 0.3290531039237976 101
1750822215441 0.3285900354385376 102
1750822215472 0.3281192481517792 103
1750822215503 0.3276578485965729 104
1750822215626 0.32720720767974854 105
1750822215690 0.3267642855644226 106
1750822215706 0.326328843832016 107
1750822215752 0.32590392231941223 108
1750822215774 0.3254953920841217 109
1750822215807 0.32507944107055664 110
1750822215837 0.3246630132198334 111
1750822215869 0.3242495656013489 112
1750822215901 0.3238335847854614 113
1750822215932 0.3234157860279083 114
1750822215964 0.3230034410953522 115
1750822215995 0.3225995898246765 116
1750822216026 0.3221978545188904 117
1750822216057 0.32179176807403564 118
1750822216089 0.3213792145252228 119
1750822216127 0.32096949219703674 120
1750822216157 0.3205775022506714 121
1750822216204 0.32019519805908203 122
1750822216237 0.3198150098323822 123
1750822216268 0.31942930817604065 124
1750822216307 0.3190392851829529 125
1750822216340 0.3186354339122772 126
1750822216370 0.3182227909564972 127
1750822216401 0.31779927015304565 128
1750822216432 0.3173655867576599 129
1750822216448 0.31693118810653687 130
1750822216480 0.3164912164211273 131
1750822216511 0.3160381615161896 132
1750822216542 0.31557926535606384 133
1750822216574 0.3151242434978485 134
1750822216605 0.31468480825424194 135
1750822216627 0.31426316499710083 136
1750822216655 0.3138415515422821 137
1750822216690 0.3134174048900604 138
1750822216721 0.31300443410873413 139
1750822216753 0.31258946657180786 140
1750822216768 0.31218013167381287 141
1750822216807 0.31178194284439087 142
1750822216836 0.31136682629585266 143
1750822216869 0.3109349310398102 144
1750822216900 0.3104967772960663 145
1750822216931 0.3100566267967224 146
1750822216978 0.30962544679641724 147
1750822216993 0.30920737981796265 148
1750822217041 0.30879098176956177 149
1750822217072 0.3083518147468567 150
1750822217087 0.3079044818878174 151
1750822217125 0.3074434697628021 152
1750822217157 0.3069770336151123 153
1750822217173 0.30651336908340454 154
1750822217204 0.30605581402778625 155
1750822217237 0.30559250712394714 156
1750822217267 0.305128276348114 157
1750822217289 0.30467450618743896 158
1750822217320 0.30421844124794006 159
1750822217355 0.3037498891353607 160
1750822217387 0.30325251817703247 161
1750822217419 0.30275461077690125 162
1750822217449 0.30227428674697876 163
1750822217482 0.3018086552619934 164
1750822217497 0.30133935809135437 165
1750822217528 0.30085858702659607 166
1750822217560 0.30038201808929443 167
1750822217591 0.2999002933502197 168
1750822217624 0.2994190752506256 169
1750822217656 0.29893726110458374 170
1750822217673 0.29844900965690613 171
1750822217707 0.29795709252357483 172
1750822217737 0.29746878147125244 173
1750822217772 0.2969822287559509 174
1750822217805 0.29650619626045227 175
1750822217837 0.29603111743927 176
1750822217868 0.29555705189704895 177
1750822217884 0.29514315724372864 178
1750822217916 0.29482847452163696 179
1750822217946 0.29457947611808777 180
1750822217978 0.29411599040031433 181
1750822218009 0.2934550642967224 182
1750822218041 0.29292941093444824 183
1750822218072 0.29270488023757935 184
1750822218106 0.2924974858760834 185
1750822218139 0.29201656579971313 186
1750822218170 0.2914765179157257 187
1750822218217 0.2911541759967804 188
1750822218273 0.29097118973731995 189
1750822218306 0.29068198800086975 190
1750822218339 0.2902027368545532 191
1750822218373 0.28977492451667786 192
1750822218399 0.2895106077194214 193
1750822218431 0.28928014636039734 194
1750822218461 0.28895750641822815 195
1750822218492 0.2885286211967468 196
1750822218508 0.28810667991638184 197
1750822218555 0.2877691090106964 198
1750822218586 0.2874988615512848 199
1750822210743 0.6655227541923523 0
